239 439
133 215
131 232
130 249
131 265
133 281
136 297
140 313
143 329
148 345
154 360
161 375
169 389
179 402
190 415
203 427
219 435
385 220
386 238
385 256
384 274
381 292
377 309
372 327
367 344
359 360
351 376
340 391
327 404
313 415
298 426
280 434
260 439
187 243
192 230
165 232
174 239
202 241
192 230
214 239
190 220
175 223
205 225
138 199
157 193
176 196
216 215
196 205
155 186
178 187
219 207
200 195
201 358
238 384
220 359
209 370
220 380
261 360
273 372
258 381
239 361
285 360
238 361
226 345
212 350
206 358
219 359
250 345
268 352
278 360
260 360
238 349
244 229
243 253
242 277
227 238
218 289
211 312
220 318
229 320
240 323
261 238
266 289
273 313
263 319
251 321
240 301
305 243
303 230
276 237
290 240
320 240
303 230
331 234
305 221
288 226
320 225
270 211
292 202
313 195
334 194
356 201
267 203
288 192
312 185
336 186
380 204
377 184
373 164
366 145
357 127
344 111
329 98
312 87
294 79
274 75
254 73
235 74
216 77
198 82
181 91
166 103
155 118
146 135
139 153
135 171
131 189
129 208
