245 447
126 233
124 250
124 267
124 283
125 300
126 317
129 333
131 350
136 367
142 383
151 397
163 410
176 421
191 431
207 439
225 445
381 238
382 256
382 273
381 291
380 308
377 325
374 342
369 359
363 375
355 390
344 404
331 416
317 426
301 435
284 441
266 446
194 266
197 254
172 256
181 263
208 264
197 254
219 260
196 242
181 246
210 248
142 228
159 223
177 219
214 231
196 222
156 210
177 203
217 220
200 208
208 355
252 377
231 356
219 366
233 374
271 357
281 368
269 375
253 357
289 357
253 358
244 343
225 348
214 355
231 356
264 344
279 349
284 357
272 357
254 346
250 246
250 265
250 284
235 255
229 294
221 313
230 320
239 322
250 324
265 254
272 294
280 314
271 320
261 322
249 303
303 266
302 257
278 259
290 263
316 263
302 257
326 257
302 248
288 251
316 251
281 228
300 221
320 219
339 223
357 229
279 216
297 206
320 202
343 209
400 206
397 186
392 167
385 148
375 130
362 114
348 99
331 87
313 78
293 72
273 70
253 69
233 71
213 75
194 83
178 95
164 110
153 126
145 144
139 164
136 183
134 203
